12 12 12 12 12 12 12 12 12 12 12 12 12 12 12 12 12 12 12 12 12 12 12 12 12 12 12 12 12 12 12 12 12 12 12 12 12 12 12 12 12 12 12 12 12 12 12 12 12 12
12 13 13 13 13 13 13 13 13 13 13 13 13 13 13 13 13 13 13 13 13 13 13 13 13 13 13 13 13 13 13 13 13 13 13 13 13 13 13 13 13 13 13 13 13 13 13 13 13 12
12 13 13 13 13 13 13 13 13 13 13 13 13 13 13 13 13 13 13 13 13 14 14 14 14 14 14 14 13 13 13 13 13 13 13 13 13 13 13 13 13 13 13 13 13 13 13 13 13 12
12 13 13 17 17 17 17 17 17 17 17 17 17 17 13 13 13 13 13 13 13 14 14 14 14 14 14 14 13 13 13 13 13 13 13 13 13 13 13 13 13 13 13 13 13 13 13 13 13 12
12 13 13 17 16 16 16 16 16 16 16 16 16 17 13 13 13 13 13 13 13 14 14 14 14 14 14 14 10 10 10 10 10 10 10 10 10 10 10 10 10 13 13 13 13 13 13 13 13 12
12 13 13 17 16 16 16 16 16 16 16 16 16 17 13 13 13 13 13 13 13 14 14 14 14 14 14 14 13 13 13 13 13 13 13 13 13 13 13 13 10 13 13 13 13 13 13 13 13 12
12 13 13 17 16 16 16 16 16 16 16 16 16 17 13 13 13 13 13 13 13 13 13 13 14 13 13 13 13 13 13 13 13 13 13 13 13 13 13 13 10 13 13 13 13 13 13 13 13 12
12 13 13 17 16 16 16 16 16 16 16 16 16 17 13 13 13 13 13 13 13 13 13 13 14 13 13 13 13 13 13 13 13 13 13 13 13 13 13 13 10 10 10 10 10 10 13 13 13 12
12 13 13 17 16 16 16 16 16 16 16 16 16 17 13 13 13 13 13 13 13 13 13 13 14 13 13 13 13 13 13 13 13 13 13 13 13 13 13 13 10 13 13 13 13 10 13 13 13 12
12 13 13 17 17 17 17 17 10 17 17 17 17 17 13 13 13 13 13 13 13 13 13 13 14 10 10 10 10 10 10 10 10 10 10 10 10 10 10 10 10 13 13 13 13 10 13 13 13 12     
12 13 13 13 13 13 13 13 10 13 13 13 13 13 13 13 13 13 13 13 13 13 13 13 14 13 13 13 13 10 10 10 13 13 13 13 10 13 13 13 13 13 13 13 13 10 13 13 13 12
12 13 13 13 13 13 13 13 10 13 13 13 13 13 13 13 13 13 13 13 13 13 13 13 14 13 13 24 22 22 22 22 25 13 13 13 10 13 13 13 13 13 13 13 13 10 13 13 13 12
12 13 24 22 22 22 25 13 10 10 10 10 10 10 10 10 10 10 10 10 10 10 10 13 14 13 13 20 11 11 11 11 21 13 13 13 10 13 13 13 13 13 13 13 13 10 13 13 13 12 
12 13 20 11 11 11 21 13 10 13 13 13 13 13 13 13 13 13 13 13 13 13 10 13 14 13 13 20 11 19 11 11 21 13 13 13 10 13 13 13 13 13 13 13 13 10 13 13 13 12
12 13 20 19 11 11 21 13 10 13 13 13 13 13 13 13 13 13 13 13 13 13 10 13 14 13 13 20 11 11 11 19 21 13 13 13 10 13 13 13 13 13 13 13 13 10 13 13 13 12
12 13 20 11 11 11 21 13 10 13 13 13 13 13 13 13 13 13 13 13 13 13 10 13 14 13 13 26 23 23 23 23 27 13 13 13 10 13 13 13 13 13 13 13 13 10 13 13 13 12
12 13 20 11 11 11 21 13 10 13 13 13 13 13 13 13 13 13 13 13 13 13 10 13 14 13 13 13 13 13 13 13 13 13 13 13 10 13 13 13 13 13 13 13 13 10 13 13 13 12
12 13 20 11 11 19 21 13 10 13 13 13 13 13 13 13 13 13 13 13 13 13 10 13 14 13 13 13 13 13 13 13 13 13 13 13 10 13 13 13 13 13 13 13 13 10 13 13 13 12
12 13 26 23 23 23 27 13 10 13 13 13 13 13 13 13 13 13 13 13 13 13 10 13 14 13 13 13 13 13 13 13 13 13 13 13 10 13 13 13 13 13 13 13 13 10 13 13 13 12
12 13 13 13 13 13 13 13 10 13 13 13 10 10 10 10 10 10 10 10 10 10 10 13 14 13 13 13 13 13 13 13 13 13 13 13 10 13 13 13 13 13 13 13 13 10 13 13 13 12       
12 13 13 13 13 13 13 13 10 13 13 13 10 10 10 10 10 10 13 13 13 13 13 13 14 13 13 13 13 13 13 13 13 13 13 13 10 10 10 10 10 10 10 10 10 10 10 10 13 12
12 13 13 13 13 13 13 13 10 13 13 13 10 10 10 10 10 10 13 13 13 13 13 13 14 13 13 13 13 13 13 13 13 24 22 22 22 22 22 22 22 22 22 22 22 22 25 10 13 12
12 13 13 10 10 10 10 10 10 10 10 10 10 10 10 10 10 10 13 13 13 13 13 13 14 13 13 13 13 13 13 13 13 20 11 11 11 11 11 11 11 11 11 11 11 11 21 10 13 12
12 13 13 10 13 13 13 13 13 13 13 13 13 13 10 10 13 13 13 13 13 13 13 13 14 13 13 13 13 13 13 13 13 20 11 11 11 11 11 11 11 11 11 19 11 11 21 10 13 12
12 13 13 10 13 13 13 13 13 13 13 13 13 13 10 10 10 10 10 10 10 10 10 10 14 13 13 13 13 13 13 13 13 20 11 11 11 11 11 11 11 11 11 11 11 11 21 10 13 12
12 13 13 10 13 13 13 13 13 13 13 13 13 13 10 13 13 13 13 13 13 13 13 13 14 13 13 13 13 13 13 13 13 20 11 11 11 19 11 11 11 11 11 11 11 11 21 10 10 12
12 13 13 10 13 13 13 13 13 13 13 13 13 13 10 13 13 13 13 13 13 13 13 13 14 13 13 13 13 13 13 13 13 20 11 11 11 11 11 11 11 11 11 11 11 11 21 10 10 12
12 13 13 10 13 13 13 13 13 13 13 13 13 13 10 13 13 13 13 13 13 13 13 13 14 13 13 13 13 13 13 13 13 20 11 11 11 11 11 11 19 11 11 11 19 11 21 10 10 12
12 13 13 10 13 13 13 13 10 13 13 13 13 13 10 13 13 13 13 13 13 13 13 13 14 13 13 13 13 13 13 13 13 20 11 11 11 11 11 11 11 11 11 11 11 11 21 10 10 12
12 13 13 10 13 13 13 13 10 13 13 13 13 13 10 13 13 13 13 13 13 13 13 13 14 13 13 13 13 13 13 13 13 20 11 11 11 11 11 11 11 11 11 11 11 11 21 10 10 12      
12 13 13 10 13 13 13 13 10 13 13 13 13 13 10 13 13 13 13 13 13 13 13 13 14 13 13 13 13 13 13 13 13 26 23 23 23 23 23 23 23 23 23 23 23 23 27 10 10 12
12 13 13 10 13 13 13 13 10 13 13 13 13 13 10 13 13 13 13 13 13 13 13 13 14 13 13 13 13 13 13 13 13 13 13 13 13 13 13 13 13 13 13 13 13 13 13 13 10 12
12 13 13 10 10 10 10 10 10 10 10 10 10 10 10 10 10 10 10 10 10 10 10 10 14 13 13 13 13 13 13 13 13 13 13 13 13 13 13 13 13 13 13 13 13 13 13 10 10 12
12 13 13 10 13 13 13 13 13 13 13 13 13 13 13 13 13 13 13 13 13 13 13 13 14 13 13 13 13 13 13 13 13 13 13 13 13 13 13 10 10 10 10 10 10 10 10 10 10 12
12 13 13 10 13 13 13 13 13 13 13 13 13 13 13 13 10 13 13 13 13 13 13 13 14 13 13 13 13 13 13 13 13 13 13 13 13 13 13 10 10 10 10 13 13 13 13 13 13 12
12 13 13 10 13 13 13 13 13 13 13 13 13 13 13 13 10 13 13 13 13 13 13 13 14 13 13 13 13 13 13 13 13 13 13 13 13 13 13 10 10 10 10 13 13 13 13 13 13 12
12 13 13 10 13 13 13 13 13 13 13 13 13 13 13 13 10 13 13 13 13 13 13 13 14 10 10 10 10 10 10 10 10 10 10 10 10 10 10 10 10 10 10 13 13 13 13 13 13 12
12 13 13 10 13 13 13 13 13 13 13 13 13 13 13 13 10 13 13 13 13 13 13 13 14 13 13 13 13 13 13 13 13 13 13 13 13 13 13 13 13 13 13 13 13 13 13 13 13 12
12 13 13 10 13 13 13 13 13 13 13 13 13 13 13 13 10 13 13 13 13 13 13 13 14 13 13 13 13 13 13 13 13 10 10 10 10 13 13 13 13 13 13 13 13 13 13 13 13 12
12 13 13 10 10 10 10 10 10 10 10 10 10 10 10 10 10 13 13 13 13 13 13 13 14 13 13 13 13 13 13 13 13 10 13 13 10 13 13 13 13 13 13 13 13 13 13 13 13 12    
12 13 13 13 13 13 13 13 13 13 13 13 13 13 13 13 10 13 13 13 13 13 13 13 14 13 13 13 13 13 13 13 13 10 13 13 10 17 17 17 17 17 17 17 17 17 13 13 13 12
12 13 13 13 13 13 13 13 13 13 13 13 13 13 13 13 10 13 13 13 13 13 13 13 14 13 13 13 13 13 13 13 13 10 13 13 10 17 16 16 16 16 16 16 16 17 13 13 13 12
12 13 13 13 13 13 13 13 13 13 13 13 13 13 13 13 10 13 13 13 13 13 13 13 14 13 13 13 13 13 13 13 13 10 13 13 10 17 16 16 16 16 16 16 16 17 13 13 13 12
12 13 13 13 13 13 13 13 13 13 13 13 13 13 13 13 13 13 13 13 13 13 13 13 14 13 13 13 13 13 13 13 13 10 13 13 10 17 16 16 16 16 16 16 16 17 13 13 13 12
12 10 10 10 10 10 10 10 10 10 10 10 10 10 10 10 10 10 10 10 10 10 10 10 14 13 13 13 13 13 13 13 13 10 13 13 10 17 16 16 16 16 16 16 16 17 13 13 13 12
12 10 10 10 10 13 13 13 13 13 13 13 13 13 13 13 13 13 13 13 13 13 13 13 14 13 13 13 13 13 13 13 13 10 13 13 10 17 16 16 16 16 16 16 16 17 13 13 13 12
12 10 10 10 10 13 13 13 13 13 13 13 13 13 13 13 13 13 13 13 13 13 13 13 14 13 13 13 13 13 13 13 13 10 13 13 10 17 17 17 17 10 17 17 17 17 13 13 13 12
12 10 10 10 10 13 13 13 13 13 13 13 13 13 13 13 13 13 13 13 13 13 13 13 14 10 10 10 10 13 10 10 10 10 10 10 10 10 10 10 10 10 13 13 13 13 13 13 13 12
12 13 13 13 13 13 13 13 13 13 13 13 13 13 13 13 13 13 13 13 13 13 13 13 14 13 13 13 10 10 10 10 13 13 13 13 13 13 13 13 13 13 13 13 13 13 13 13 13 12
12 12 12 12 12 12 12 12 12 12 12 12 12 12 12 12 12 12 12 12 12 12 12 12 12 12 12 12 12 12 12 12 12 12 12 12 12 12 12 12 12 12 12 12 12 12 12 12 12 12   


         
